DRC errors for cell user_analog_project_wrapper
--------------------------------------------

MiM cap bottom plate spacing < 1.2um (capm.2b)
8793.040 15512.635 8793.265 15513.535
8795.040 15512.635 8795.265 15513.535
8797.040 15512.635 8797.265 15513.535
8799.040 15512.635 8799.265 15513.535
8801.040 15512.635 8801.265 15513.535
8803.040 15512.635 8803.265 15513.535
8805.040 15512.635 8805.265 15513.535
8807.040 15512.635 8807.265 15513.535
8792.065 15513.535 8793.040 15513.835
8794.065 15513.535 8795.040 15513.835
8796.065 15513.535 8797.040 15513.835
8798.065 15513.535 8799.040 15513.835
8800.065 15513.535 8801.040 15513.835
8802.065 15513.535 8803.040 15513.835
8804.065 15513.535 8805.040 15513.835
8806.065 15513.535 8807.040 15513.835
8793.040 15510.635 8793.265 15511.535
8795.040 15510.635 8795.265 15511.535
8797.040 15510.635 8797.265 15511.535
8799.040 15510.635 8799.265 15511.535
8801.040 15510.635 8801.265 15511.535
8803.040 15510.635 8803.265 15511.535
8805.040 15510.635 8805.265 15511.535
8807.040 15510.635 8807.265 15511.535
8792.065 15511.535 8793.040 15511.835
8794.065 15511.535 8795.040 15511.835
8796.065 15511.535 8797.040 15511.835
8798.065 15511.535 8799.040 15511.835
8800.065 15511.535 8801.040 15511.835
8802.065 15511.535 8803.040 15511.835
8804.065 15511.535 8805.040 15511.835
8806.065 15511.535 8807.040 15511.835
8793.040 15508.635 8793.265 15509.535
8795.040 15508.635 8795.265 15509.535
8797.040 15508.635 8797.265 15509.535
8799.040 15508.635 8799.265 15509.535
8801.040 15508.635 8801.265 15509.535
8803.040 15508.635 8803.265 15509.535
8805.040 15508.635 8805.265 15509.535
8807.040 15508.635 8807.265 15509.535
8792.065 15509.535 8793.040 15509.835
8794.065 15509.535 8795.040 15509.835
8796.065 15509.535 8797.040 15509.835
8798.065 15509.535 8799.040 15509.835
8800.065 15509.535 8801.040 15509.835
8802.065 15509.535 8803.040 15509.835
8804.065 15509.535 8805.040 15509.835
8806.065 15509.535 8807.040 15509.835
8793.040 15506.635 8793.265 15507.535
8795.040 15506.635 8795.265 15507.535
8797.040 15506.635 8797.265 15507.535
8799.040 15506.635 8799.265 15507.535
8801.040 15506.635 8801.265 15507.535
8803.040 15506.635 8803.265 15507.535
8805.040 15506.635 8805.265 15507.535
8807.040 15506.635 8807.265 15507.535
8792.065 15507.535 8793.040 15507.835
8794.065 15507.535 8795.040 15507.835
8796.065 15507.535 8797.040 15507.835
8798.065 15507.535 8799.040 15507.835
8800.065 15507.535 8801.040 15507.835
8802.065 15507.535 8803.040 15507.835
8804.065 15507.535 8805.040 15507.835
8806.065 15507.535 8807.040 15507.835
8793.265 15513.535 8794.240 15513.835
8793.040 15513.835 8793.265 15514.735
8795.265 15513.535 8796.240 15513.835
8795.040 15513.835 8795.265 15514.735
8797.265 15513.535 8798.240 15513.835
8797.040 15513.835 8797.265 15514.735
8799.265 15513.535 8800.240 15513.835
8799.040 15513.835 8799.265 15514.735
8801.265 15513.535 8802.240 15513.835
8801.040 15513.835 8801.265 15514.735
8803.265 15513.535 8804.240 15513.835
8803.040 15513.835 8803.265 15514.735
8805.265 15513.535 8806.240 15513.835
8805.040 15513.835 8805.265 15514.735
8807.265 15513.535 8807.680 15513.835
8807.040 15513.835 8807.265 15514.735
8793.265 15511.535 8794.240 15511.835
8793.040 15511.835 8793.265 15512.735
8795.265 15511.535 8796.240 15511.835
8795.040 15511.835 8795.265 15512.735
8797.265 15511.535 8798.240 15511.835
8797.040 15511.835 8797.265 15512.735
8799.265 15511.535 8800.240 15511.835
8799.040 15511.835 8799.265 15512.735
8801.265 15511.535 8802.240 15511.835
8801.040 15511.835 8801.265 15512.735
8803.265 15511.535 8804.240 15511.835
8803.040 15511.835 8803.265 15512.735
8805.265 15511.535 8806.240 15511.835
8805.040 15511.835 8805.265 15512.735
8807.265 15511.535 8807.680 15511.835
8807.040 15511.835 8807.265 15512.735
8793.265 15509.535 8794.240 15509.835
8793.040 15509.835 8793.265 15510.735
8795.265 15509.535 8796.240 15509.835
8795.040 15509.835 8795.265 15510.735
8797.265 15509.535 8798.240 15509.835
8797.040 15509.835 8797.265 15510.735
8799.265 15509.535 8800.240 15509.835
8799.040 15509.835 8799.265 15510.735
8801.265 15509.535 8802.240 15509.835
8801.040 15509.835 8801.265 15510.735
8803.265 15509.535 8804.240 15509.835
8803.040 15509.835 8803.265 15510.735
8805.265 15509.535 8806.240 15509.835
8805.040 15509.835 8805.265 15510.735
8807.265 15509.535 8807.680 15509.835
8807.040 15509.835 8807.265 15510.735
8793.265 15507.535 8794.240 15507.835
8793.040 15507.835 8793.265 15508.735
8795.265 15507.535 8796.240 15507.835
8795.040 15507.835 8795.265 15508.735
8797.265 15507.535 8798.240 15507.835
8797.040 15507.835 8797.265 15508.735
8799.265 15507.535 8800.240 15507.835
8799.040 15507.835 8799.265 15508.735
8801.265 15507.535 8802.240 15507.835
8801.040 15507.835 8801.265 15508.735
8803.265 15507.535 8804.240 15507.835
8803.040 15507.835 8803.265 15508.735
8805.265 15507.535 8806.240 15507.835
8805.040 15507.835 8805.265 15508.735
8807.265 15507.535 8807.680 15507.835
8807.040 15507.835 8807.265 15508.735
8809.040 15512.635 8809.265 15513.535
8811.040 15512.635 8811.265 15513.535
8813.040 15512.635 8813.265 15513.535
8808.065 15513.535 8809.040 15513.835
8810.065 15513.535 8811.040 15513.835
8812.065 15513.535 8813.040 15513.835
8809.040 15510.635 8809.265 15511.535
8811.040 15510.635 8811.265 15511.535
8813.040 15510.635 8813.265 15511.535
8808.065 15511.535 8809.040 15511.835
8810.065 15511.535 8811.040 15511.835
8812.065 15511.535 8813.040 15511.835
8809.040 15508.635 8809.265 15509.535
8811.040 15508.635 8811.265 15509.535
8813.040 15508.635 8813.265 15509.535
8808.065 15509.535 8809.040 15509.835
8810.065 15509.535 8811.040 15509.835
8812.065 15509.535 8813.040 15509.835
8809.040 15506.635 8809.265 15507.535
8811.040 15506.635 8811.265 15507.535
8813.040 15506.635 8813.265 15507.535
8808.065 15507.535 8809.040 15507.835
8810.065 15507.535 8811.040 15507.835
8812.065 15507.535 8813.040 15507.835
9105.560 15512.835 9105.785 15513.735
9107.560 15512.835 9107.785 15513.735
9109.560 15512.835 9109.785 15513.735
9111.560 15512.835 9111.785 15513.735
9113.560 15512.835 9113.785 15513.735
9115.560 15512.835 9115.785 15513.735
9117.560 15512.835 9117.785 15513.735
9119.560 15512.835 9119.785 15513.735
9121.560 15512.835 9121.785 15513.735
9104.585 15513.735 9105.560 15514.035
9106.585 15513.735 9107.560 15514.035
9108.585 15513.735 9109.560 15514.035
9110.585 15513.735 9111.560 15514.035
9112.585 15513.735 9113.560 15514.035
9114.585 15513.735 9115.560 15514.035
9116.585 15513.735 9117.560 15514.035
9118.585 15513.735 9119.560 15514.035
9120.585 15513.735 9121.560 15514.035
9105.560 15510.835 9105.785 15511.735
9107.560 15510.835 9107.785 15511.735
9109.560 15510.835 9109.785 15511.735
9111.560 15510.835 9111.785 15511.735
9113.560 15510.835 9113.785 15511.735
9115.560 15510.835 9115.785 15511.735
9117.560 15510.835 9117.785 15511.735
9119.560 15510.835 9119.785 15511.735
9121.560 15510.835 9121.785 15511.735
9104.585 15511.735 9105.560 15512.035
9106.585 15511.735 9107.560 15512.035
9108.585 15511.735 9109.560 15512.035
9110.585 15511.735 9111.560 15512.035
9112.585 15511.735 9113.560 15512.035
9114.585 15511.735 9115.560 15512.035
9116.585 15511.735 9117.560 15512.035
9118.585 15511.735 9119.560 15512.035
9120.585 15511.735 9121.560 15512.035
9105.560 15508.835 9105.785 15509.735
9107.560 15508.835 9107.785 15509.735
9109.560 15508.835 9109.785 15509.735
9111.560 15508.835 9111.785 15509.735
9113.560 15508.835 9113.785 15509.735
9115.560 15508.835 9115.785 15509.735
9117.560 15508.835 9117.785 15509.735
9119.560 15508.835 9119.785 15509.735
9121.560 15508.835 9121.785 15509.735
9104.585 15509.735 9105.560 15510.035
9106.585 15509.735 9107.560 15510.035
9108.585 15509.735 9109.560 15510.035
9110.585 15509.735 9111.560 15510.035
9112.585 15509.735 9113.560 15510.035
9114.585 15509.735 9115.560 15510.035
9116.585 15509.735 9117.560 15510.035
9118.585 15509.735 9119.560 15510.035
9120.585 15509.735 9121.560 15510.035
9105.560 15506.835 9105.785 15507.735
9107.560 15506.835 9107.785 15507.735
9109.560 15506.835 9109.785 15507.735
9111.560 15506.835 9111.785 15507.735
9113.560 15506.835 9113.785 15507.735
9115.560 15506.835 9115.785 15507.735
9117.560 15506.835 9117.785 15507.735
9119.560 15506.835 9119.785 15507.735
9121.560 15506.835 9121.785 15507.735
9104.585 15507.735 9105.560 15508.035
9106.585 15507.735 9107.560 15508.035
9108.585 15507.735 9109.560 15508.035
9110.585 15507.735 9111.560 15508.035
9112.585 15507.735 9113.560 15508.035
9114.585 15507.735 9115.560 15508.035
9116.585 15507.735 9117.560 15508.035
9118.585 15507.735 9119.560 15508.035
9120.585 15507.735 9121.560 15508.035
8807.680 15513.535 8808.240 15513.835
8809.265 15513.535 8810.240 15513.835
8809.040 15513.835 8809.265 15514.735
8811.265 15513.535 8812.240 15513.835
8811.040 15513.835 8811.265 15514.735
8813.265 15513.535 8814.240 15513.835
8813.040 15513.835 8813.265 15514.735
8807.680 15511.535 8808.240 15511.835
8809.265 15511.535 8810.240 15511.835
8809.040 15511.835 8809.265 15512.735
8811.265 15511.535 8812.240 15511.835
8811.040 15511.835 8811.265 15512.735
8813.265 15511.535 8814.240 15511.835
8813.040 15511.835 8813.265 15512.735
8807.680 15509.535 8808.240 15509.835
8809.265 15509.535 8810.240 15509.835
8809.040 15509.835 8809.265 15510.735
8811.265 15509.535 8812.240 15509.835
8811.040 15509.835 8811.265 15510.735
8813.265 15509.535 8814.240 15509.835
8813.040 15509.835 8813.265 15510.735
8807.680 15507.535 8808.240 15507.835
8809.265 15507.535 8810.240 15507.835
8809.040 15507.835 8809.265 15508.735
8811.265 15507.535 8812.240 15507.835
8811.040 15507.835 8811.265 15508.735
8813.265 15507.535 8814.240 15507.835
8813.040 15507.835 8813.265 15508.735
9105.785 15513.735 9106.760 15514.035
9105.560 15514.035 9105.785 15514.935
9107.785 15513.735 9108.760 15514.035
9107.560 15514.035 9107.785 15514.935
9109.785 15513.735 9110.760 15514.035
9109.560 15514.035 9109.785 15514.935
9111.785 15513.735 9112.760 15514.035
9111.560 15514.035 9111.785 15514.935
9113.785 15513.735 9114.760 15514.035
9113.560 15514.035 9113.785 15514.935
9115.785 15513.735 9116.760 15514.035
9115.560 15514.035 9115.785 15514.935
9117.785 15513.735 9118.760 15514.035
9117.560 15514.035 9117.785 15514.935
9119.785 15513.735 9120.760 15514.035
9119.560 15514.035 9119.785 15514.935
9121.785 15513.735 9122.240 15514.035
9121.560 15514.035 9121.785 15514.935
9105.785 15511.735 9106.760 15512.035
9105.560 15512.035 9105.785 15512.935
9107.785 15511.735 9108.760 15512.035
9107.560 15512.035 9107.785 15512.935
9109.785 15511.735 9110.760 15512.035
9109.560 15512.035 9109.785 15512.935
9111.785 15511.735 9112.760 15512.035
9111.560 15512.035 9111.785 15512.935
9113.785 15511.735 9114.760 15512.035
9113.560 15512.035 9113.785 15512.935
9115.785 15511.735 9116.760 15512.035
9115.560 15512.035 9115.785 15512.935
9117.785 15511.735 9118.760 15512.035
9117.560 15512.035 9117.785 15512.935
9119.785 15511.735 9120.760 15512.035
9119.560 15512.035 9119.785 15512.935
9121.785 15511.735 9122.240 15512.035
9121.560 15512.035 9121.785 15512.935
9105.785 15509.735 9106.760 15510.035
9105.560 15510.035 9105.785 15510.935
9107.785 15509.735 9108.760 15510.035
9107.560 15510.035 9107.785 15510.935
9109.785 15509.735 9110.760 15510.035
9109.560 15510.035 9109.785 15510.935
9111.785 15509.735 9112.760 15510.035
9111.560 15510.035 9111.785 15510.935
9113.785 15509.735 9114.760 15510.035
9113.560 15510.035 9113.785 15510.935
9115.785 15509.735 9116.760 15510.035
9115.560 15510.035 9115.785 15510.935
9117.785 15509.735 9118.760 15510.035
9117.560 15510.035 9117.785 15510.935
9119.785 15509.735 9120.760 15510.035
9119.560 15510.035 9119.785 15510.935
9121.785 15509.735 9122.240 15510.035
9121.560 15510.035 9121.785 15510.935
9105.785 15507.735 9106.760 15508.035
9105.560 15508.035 9105.785 15508.935
9107.785 15507.735 9108.760 15508.035
9107.560 15508.035 9107.785 15508.935
9109.785 15507.735 9110.760 15508.035
9109.560 15508.035 9109.785 15508.935
9111.785 15507.735 9112.760 15508.035
9111.560 15508.035 9111.785 15508.935
9113.785 15507.735 9114.760 15508.035
9113.560 15508.035 9113.785 15508.935
9115.785 15507.735 9116.760 15508.035
9115.560 15508.035 9115.785 15508.935
9117.785 15507.735 9118.760 15508.035
9117.560 15508.035 9117.785 15508.935
9119.785 15507.735 9120.760 15508.035
9119.560 15508.035 9119.785 15508.935
9121.785 15507.735 9122.240 15508.035
9121.560 15508.035 9121.785 15508.935
9123.560 15512.835 9123.785 15513.735
9125.560 15512.835 9125.785 15513.735
9122.585 15513.735 9123.560 15514.035
9124.585 15513.735 9125.560 15514.035
9123.560 15510.835 9123.785 15511.735
9125.560 15510.835 9125.785 15511.735
9122.585 15511.735 9123.560 15512.035
9124.585 15511.735 9125.560 15512.035
9123.560 15508.835 9123.785 15509.735
9125.560 15508.835 9125.785 15509.735
9122.585 15509.735 9123.560 15510.035
9124.585 15509.735 9125.560 15510.035
9123.560 15506.835 9123.785 15507.735
9125.560 15506.835 9125.785 15507.735
9122.585 15507.735 9123.560 15508.035
9124.585 15507.735 9125.560 15508.035
9122.240 15513.735 9122.760 15514.035
9123.785 15513.735 9124.760 15514.035
9123.560 15514.035 9123.785 15514.935
9125.785 15513.735 9126.760 15514.035
9125.560 15514.035 9125.785 15514.935
9122.240 15511.735 9122.760 15512.035
9123.785 15511.735 9124.760 15512.035
9123.560 15512.035 9123.785 15512.935
9125.785 15511.735 9126.760 15512.035
9125.560 15512.035 9125.785 15512.935
9122.240 15509.735 9122.760 15510.035
9123.785 15509.735 9124.760 15510.035
9123.560 15510.035 9123.785 15510.935
9125.785 15509.735 9126.760 15510.035
9125.560 15510.035 9125.785 15510.935
9122.240 15507.735 9122.760 15508.035
9123.785 15507.735 9124.760 15508.035
9123.560 15508.035 9123.785 15508.935
9125.785 15507.735 9126.760 15508.035
9125.560 15508.035 9125.785 15508.935

P-diff distance to N-tap must be < 15.0um (LU.3)
2220.020 15944.470 2220.315 16023.890
2221.865 15944.470 2223.315 16023.890
2225.815 15944.470 2227.265 16023.890
2228.815 15944.470 2230.265 16023.890
2232.765 15944.470 2234.215 16023.890
2235.765 15944.470 2237.215 16023.890
2239.715 15944.470 2241.165 16023.890
2242.715 15944.470 2244.165 16023.890
2246.665 15944.470 2248.115 16023.890
2249.665 15944.470 2251.115 16023.890
2253.615 15944.470 2255.065 16023.890
2256.615 15944.470 2258.065 16023.890
2260.565 15944.470 2262.015 16023.890
2263.565 15944.470 2265.015 16023.890
2267.515 15944.470 2268.965 16023.890
2270.515 15944.470 2271.965 16023.890
2274.465 15944.470 2275.915 16023.890
2277.465 15944.470 2278.915 16023.890
2281.415 15944.470 2282.865 16023.890
2284.415 15944.470 2285.865 16023.890
2288.365 15944.470 2289.815 16023.890
2291.365 15944.470 2292.815 16023.890
2295.315 15944.470 2296.765 16023.890
2298.315 15944.470 2299.765 16023.890
2302.265 15944.470 2303.715 16023.890
2305.265 15944.470 2306.715 16023.890
2309.215 15944.470 2310.665 16023.890
2312.215 15944.470 2313.665 16023.890
2316.165 15944.470 2317.615 16023.890
2319.165 15944.470 2320.615 16023.890
2323.115 15944.470 2324.565 16023.890
2326.115 15944.470 2327.565 16023.890
2330.065 15944.470 2331.515 16023.890
2333.065 15944.470 2334.515 16023.890
2337.015 15944.470 2338.465 16023.890
2340.015 15944.470 2341.465 16023.890
2343.965 15944.470 2345.415 16023.890
2346.965 15944.470 2348.415 16023.890
2350.915 15944.470 2352.365 16023.890
2353.915 15944.470 2355.365 16023.890
2357.865 15944.470 2359.315 16023.890
2360.865 15944.470 2362.315 16023.890
2364.815 15944.470 2366.265 16023.890
2367.815 15944.470 2369.265 16023.890
2371.765 15944.470 2373.215 16023.890
2374.765 15944.470 2376.215 16023.890
2378.715 15944.470 2380.165 16023.890
2381.715 15944.470 2383.165 16023.890
2385.665 15944.470 2387.115 16023.890
2388.665 15944.470 2390.115 16023.890
2392.615 15944.470 2394.065 16023.890
2395.615 15944.470 2397.065 16023.890
2399.565 15944.470 2401.015 16023.890
2402.565 15944.470 2404.015 16023.890
2406.515 15944.470 2407.965 16023.890
2409.515 15944.470 2410.965 16023.890
2413.465 15944.470 2414.915 16023.890
2416.465 15944.470 2417.915 16023.890
2420.415 15944.470 2421.865 16023.890
2423.415 15944.470 2424.865 16023.890
2427.365 15944.470 2428.815 16023.890
2430.365 15944.470 2431.815 16023.890
2434.315 15944.470 2435.765 16023.890
2437.315 15944.470 2438.765 16023.890
2441.265 15944.470 2442.715 16023.890
2444.265 15944.470 2445.715 16023.890
2448.215 15944.470 2449.665 16023.890
2451.215 15944.470 2452.665 16023.890
2455.165 15944.470 2456.615 16023.890
2458.165 15944.470 2459.615 16023.890
2462.115 15944.470 2463.350 16023.890
2546.595 16015.545 2546.965 16023.890
2548.515 16015.545 2549.965 16023.890
2552.465 16015.545 2553.915 16023.890
12163.065 16124.490 12163.650 16178.910
12166.150 16124.490 12167.600 16178.910
12170.100 16124.490 12171.550 16178.910
12174.050 16124.490 12175.500 16178.910
12178.000 16124.490 12179.450 16178.910
12181.950 16124.490 12183.400 16178.910
12185.900 16124.490 12186.485 16178.910
12319.565 16117.515 12320.150 16121.935
12322.650 16117.515 12324.100 16121.935
12326.600 16117.515 12327.185 16121.935

N-diff distance to P-tap must be < 15.0um (LU.2)
4875.855 15453.765 4876.440 15457.735
4878.940 15453.765 4880.390 15457.735
4882.890 15453.765 4883.475 15457.735

See error definition in the subcell
2166.265 15944.470 2167.715 16023.890
2170.215 15944.470 2171.665 16023.890
2173.215 15944.470 2174.665 16023.890
2177.165 15944.470 2178.615 16023.890
2180.165 15944.470 2181.615 16023.890
2184.115 15944.470 2185.565 16023.890
2187.115 15944.470 2188.565 16023.890
2191.065 15944.470 2192.515 16023.890
2194.065 15944.470 2195.515 16023.890
2198.015 15944.470 2199.465 16023.890
2201.015 15944.470 2201.920 16023.890
2463.350 15944.470 2463.565 16023.890
2465.115 15944.470 2466.565 16023.890
2469.065 15944.470 2470.515 16023.890
2472.065 15944.470 2473.515 16023.890
2476.015 15944.470 2477.465 16023.890
2479.015 15944.470 2480.465 16023.890
2482.965 15944.470 2484.415 16023.890
2485.965 15944.470 2487.415 16023.890
2489.915 15944.470 2491.365 16023.890
2492.915 15944.470 2494.365 16023.890
2496.865 15944.470 2498.315 16023.890
2499.865 15944.470 2501.315 16023.890
2503.815 15944.470 2505.265 16023.890
2506.815 15944.470 2508.265 16023.890
2510.765 15944.470 2512.215 16023.890
2513.765 15944.470 2515.215 16023.890
2201.920 15944.470 2202.465 16023.890
2204.965 15944.470 2206.415 16023.890
2207.965 15944.470 2209.415 16023.890
2211.915 15944.470 2213.365 16023.890
2214.915 15944.470 2216.365 16023.890
2218.865 15944.470 2220.020 16023.890
2517.715 15944.470 2519.165 16015.545
2520.715 15944.470 2522.165 16015.545
2524.665 15944.470 2526.115 16015.545
2527.665 15944.470 2529.115 16015.545
2531.615 15944.470 2533.065 16015.545
2534.615 15944.470 2536.065 16015.545
2538.565 15944.470 2540.015 16015.545
2541.565 15944.470 2543.015 16015.545
2545.515 15944.470 2546.965 16015.545
2548.515 15944.470 2549.965 16015.545
2552.465 15944.470 2553.915 16015.545
2517.715 16015.545 2519.165 16023.890
2520.715 16015.545 2522.165 16023.890
2524.665 16015.545 2526.115 16023.890
2527.665 16015.545 2529.115 16023.890
2531.615 16015.545 2533.065 16023.890
2534.615 16015.545 2536.065 16023.890
2538.565 16015.545 2540.015 16023.890
2541.565 16015.545 2543.015 16023.890
2545.515 16015.545 2546.595 16023.890
